Checkpoint: AAPL_no_sentiment_best.pt
CSV: AAPL_2018-01-01_2025-12-31.csv
Date range used: [2019-04-01, 2022-11-01)
Target: y_next_logret
Total windows: 795
Evaluation windows: 126

[Final Evaluation Metrics]
MAE: 2.662231
RMSE: 3.434399
MAPE_%: 1.818077
R2: 0.888346
DirAcc_%: 56.800000
UpPrecision_%: 59.259259
DownPrecision_%: 54.166667
PredUpRatio_%: 42.857143
PredDownRatio_%: 57.142857
StrategyReturn_%: 25.368918
BuyHoldReturn_%: -0.929005
ExcessReturn_%: 26.297923
Sharpe: 2.228021
MaxDrawdown_%: -9.279251
WinRate_%: 63.157895
TradeCount: 38
Exposure_%: 30.158730
Threshold_Value: 0.000350
Threshold_Quantile_%: 70.000000
