Checkpoint: AAPL_no_sentiment_best.pt
CSV: AAPL_2018-01-01_2025-12-31.csv
Date range used: [2019-04-01, 2022-11-01)
Target: y_next_logret
Train end date from checkpoint: 2022-11-01
Evaluation start date: 2022-11-02
Evaluation end date: 2022-12-02
Total windows: 1588
Evaluation windows: 22

[Final Evaluation Metrics]
MAE: 2.839411
RMSE: 3.928181
MAPE_%: 1.987318
R2: 0.318037
DirAcc_%: 50.000000
UpPrecision_%: 50.000000
DownPrecision_%: 50.000000
PredUpRatio_%: 27.272727
PredDownRatio_%: 72.727273
StrategyReturn_%: -0.921133
BuyHoldReturn_%: -1.722419
ExcessReturn_%: 0.801285
Sharpe: -0.344551
MaxDrawdown_%: -5.691014
WinRate_%: 57.142857
TradeCount: 7
Exposure_%: 31.818182
Threshold_Value: -0.000048
Threshold_Quantile_%: 70.000000
