Checkpoint: AAPL_no_sentiment_best.pt
CSV: AAPL_2018-01-01_2025-12-31.csv
Date range used: [2019-04-01, 2022-11-01)
Target: y_next_logret
Train end date from checkpoint: 2022-11-01
Evaluation start date: 2022-11-02
Evaluation end date: 2023-06-30
Total windows: 1588
Evaluation windows: 165

[Final Evaluation Metrics]
MAE: 1.874138
RMSE: 2.510546
MAPE_%: 1.250124
R2: 0.977069
DirAcc_%: 50.609756
UpPrecision_%: 57.446809
DownPrecision_%: 47.457627
PredUpRatio_%: 28.484848
PredDownRatio_%: 71.515152
StrategyReturn_%: 14.507338
BuyHoldReturn_%: 29.344524
ExcessReturn_%: -14.837186
Sharpe: 1.367559
MaxDrawdown_%: -7.272494
WinRate_%: 60.000000
TradeCount: 50
Exposure_%: 30.303030
Threshold_Value: -0.000032
Threshold_Quantile_%: 70.000000
