Checkpoint: AAPL_with_sentiment_best.pt
CSV: AAPL_2018-01-01_2025-12-31.csv
Date range used: [2019-04-01, 2022-11-01)
Target: y_next_logret
Train end date from checkpoint: 2022-11-01
Evaluation start date: 2022-11-02
Evaluation end date: 2022-12-02
Total windows: 1588
Evaluation windows: 22

[Final Evaluation Metrics]
MAE: 2.819794
RMSE: 3.922619
MAPE_%: 1.975812
R2: 0.319967
DirAcc_%: 50.000000
UpPrecision_%: 50.000000
DownPrecision_%: nan
PredUpRatio_%: 100.000000
PredDownRatio_%: 0.000000
StrategyReturn_%: 7.118867
BuyHoldReturn_%: -1.722419
ExcessReturn_%: 8.841286
Sharpe: 2.498993
MaxDrawdown_%: -3.318983
WinRate_%: 57.142857
TradeCount: 7
Exposure_%: 31.818182
Threshold_Value: 0.001629
Threshold_Quantile_%: 70.000000
